1
123
123
123
123
123
123
123

2
123
123
123
123
123
123
123

3
123
123
123
123
123
123
123

4
123
123
123
123
123
123
123

5
123
123
123
123
123
123
123

6
123
123
123
123
123
123
123

7
123
123
123
123
123
123
123

8
123
123
123
123
123
123
123

9
123
123
123
123
123
123
123

10
123
123
123
123
123
123
123

11
123
123
123
123
123
123
123

12
123
123
123
123
123
123
123

13
ayer
123
123
123
numeros
13
25.3

